0.07745966692414834
0.06928203230275509
0.08485281374238571
0.0282842712474619
0.07348469228349534
0.13114877048604
0.01414213562373095
0.01414213562373095
0.08944271909999159
0.08485281374238571
0.12409673645990857
0.0469041575982343
0.03162277660168379
0.042426406871192854
0.01414213562373095
0.01414213562373095
0.07211102550927978
0.07348469228349534
0.058309518948453
0.0282842712474619
0.1216552506059644
0.1849324200890693
0.05477225575051661
0.02
0.034641016151377546
0.02449489742783178
0.03741657386773942
0.0
0.02
0.02449489742783178
0.0
0.0
0.08831760866327847
0.07615773105863909
0.07071067811865475
0.0
0.06928203230275509
0.11401754250991379
0.03162277660168379
0.01414213562373095
0.12649110640673517
0.10862780491200216
0.20049937655763422
0.05099019513592785
0.044721359549995794
0.0648074069840786
0.0282842712474619
0.01414213562373095
0.03162277660168379
0.0282842712474619
0.02449489742783178
0.0
0.03162277660168379
0.044721359549995794
0.02
0.0
0.01414213562373095
0.02
0.01414213562373095
0.0
0.0
0.02449489742783178
0.0
0.0
0.0938083151964686
0.13856406460551018
0.07211102550927978
0.05291502622129181
0.06
0.1777638883463118
0.0
0.0282842712474619
0.07483314773547883
0.10488088481701516
0.10862780491200216
0.061644140029689765
0.01414213562373095
0.042426406871192854
0.0
0.0
0.11224972160321824
0.17663521732655693
0.07874007874011811
0.05099019513592785
0.15556349186104046
0.33999999999999997
0.042426406871192854
0.0469041575982343
0.03162277660168379
0.042426406871192854
0.05291502622129181
0.02449489742783178
0.02
0.06
0.0
0.01414213562373095
0.034641016151377546
0.04
0.02449489742783178
0.0
0.0282842712474619
0.05291502622129181
0.0
0.01414213562373095
0.0469041575982343
0.06
0.0648074069840786
0.034641016151377546
0.01414213562373095
0.03162277660168379
0.0
0.01414213562373095
0.0
0.034641016151377546
0.02449489742783178
0.0
0.02
0.05291502622129181
0.0
0.0
0.0
0.0
0.0
0.0
0.0
0.0
0.0
0.0
0.09695359714832658
0.02449489742783178
0.11916375287812986
0.02
0.06
0.04
0.044721359549995794
0.01414213562373095
0.09055385138137417
0.02449489742783178
0.1849324200890693
0.01414213562373095
0.034641016151377546
0.0
0.02449489742783178
0.0
0.07483314773547883
0.0282842712474619
0.08
0.0
0.08
0.0469041575982343
0.04
0.0
0.02449489742783178
0.02
0.0565685424949238
0.0
0.0
0.0
0.0
0.0
0.14966629547095767
0.044721359549995794
0.17663521732655693
0.02449489742783178
0.09899494936611665
0.044721359549995794
0.05477225575051661
0.0
0.18708286933869708
0.05291502622129181
0.3717526059088221
0.044721359549995794
0.04
0.02
0.0469041575982343
0.02
0.04898979485566356
0.01414213562373095
0.042426406871192854
0.0
0.0469041575982343
0.01414213562373095
0.02
0.0
0.02
0.0
0.044721359549995794
0.0
0.0
0.01414213562373095
0.01414213562373095
0.0
0.03741657386773942
0.01414213562373095
0.0282842712474619
0.0
0.0
0.02449489742783178
0.01414213562373095
0.0
0.02
0.01414213562373095
0.05477225575051661
0.0
0.0
0.0
0.0
0.0
0.044721359549995794
0.0282842712474619
0.04898979485566356
0.0
0.0469041575982343
0.042426406871192854
0.01414213562373095
0.0
0.0
0.0
0.0282842712474619
0.0
0.0
0.0
0.0
0.0
0.02
0.02
0.01414213562373095
0.0
0.0
0.0
0.0
0.0
0.03162277660168379
0.01414213562373095
0.05477225575051661
0.0
0.0
0.0
0.0
0.0
0.0
0.0
0.01414213562373095
0.0
0.0
0.0
0.0
0.0
0.0
0.0
0.01414213562373095
0.0
0.0
0.0
0.0
0.0
